<?xml version="1.0" encoding="utf-8"?>
<gamera-knn-settings version="1.0" num-k="1" distance-type="CITY-BLOCK">
  <ga mutation="0.01" crossover="0.6" population="20"/>
  <weights>
    <weight name="moments">
      0.923156738281 0.513458251953 0.690704345703 0.48681640625
      0.0469055175781 0.417877197266 0.993408203125 0.813049316406
      0.941223144531
    </weight>
    <weight name="skeleton_features">
      0.745300292969 0.434539794922 0.270050048828 0.880920410156
      0.839996337891 0.279083251953
    </weight>
    <weight name="volume16regions">
      0.200592041016 0.893920898438 0.603057861328 0.525726318359
      0.798797607422 0.0824279785156 0.271545410156 0.298858642578
      0.261047363281 0.578155517578 0.865509033203 0.0130310058594
      0.725402832031 0.419189453125 0.295074462891 0.997161865234
    </weight>
    <weight name="volume64regions">
      0.878173828125 0.476837158203 0.373321533203 0.427459716797
      0.824340820313 0.729644775391 0.875518798828 0.419189453125
      0.187622070313 0.150573730469 0.528442382813 0.816040039063
      0.525726318359 0.798797607422 0.355255126953 0.716278076172
      0.744018554688 0.167602539063 0.986328125 0.660888671875 0.035888671875
      0.813049316406 0.365661621094 0.923156738281 0.682647705078
      0.367218017578 0.878631591797 0.878173828125 0.513549804688
      0.295074462891 0.120178222656 0.399627685547 0.243835449219
      0.986602783203 0.434539794922 0.294494628906 0.110595703125
      0.769287109375 0.878631591797 0.905395507813 0.923156738281
      0.848022460938 0.585083007813 0.48681640625 0.661651611328
      0.674621582031 0.0937194824219 0.725402832031 0.618499755859
      0.811218261719 0.797393798828 0.104827880859 0.674621582031
      0.48681640625 0.154113769531 0.853942871094 0.417877197266
      0.276184082031 0.853942871094 0.864898681641 0.500579833984
      0.434539794922 0.528442382813 0.0608825683594
    </weight>
    <weight name="zernike_moments">
      0.864898681641 0.154113769531 0.102966308594 0.101531982422
      0.986602783203 0.150573730469 0.553527832031 0.745300292969
      0.0130310058594 0.102966308594 0.339996337891 0.187622070313
      0.383148193359 0.200592041016 0.882476806641 0.243835449219
      0.19384765625 0.848022460938 0.172698974609 0.834228515625
      0.373321533203 0.0383605957031 0.986328125 0.108825683594
      0.468872070313 0.513549804688
    </weight>
  </weights>
</gamera-knn-settings>
